`.Random.seed` <-
c(403L, 314L, -159782635L, -760389671L, 1210427456L, -538827869L, 
533533558L, 746388461L, 1960805338L, -2101677879L, 68500326L, 
-1054624868L, -1434210912L, -1265534642L, -893966392L, -939235444L, 
-324859161L, 1935872979L, 1163657560L, 1839450795L, -799044177L, 
-468054939L, -867312006L, 1081212279L, 1061206692L, 832894874L, 
-1515693358L, 1016412349L, 958311915L, 100651232L, 553568359L, 
1992029195L, -661901807L, 117269716L, -1198590176L, -1242995260L, 
-358110748L, -1319631753L, -1047367308L, -653343443L, 1464373529L, 
1803460299L, -1544985624L, -2051738896L, -1175694063L, 1310540879L, 
1712665758L, 995736352L, 1722106244L, -2043264646L, 1267101104L, 
-1648335039L, 1671628140L, -1927603380L, 312010789L, -172515506L, 
-1791595380L, -656755849L, 2001892370L, 739236638L, 1026552633L, 
1840663673L, 1635204667L, 352749788L, 1855543068L, 1330124L, 
-105224065L, 145182778L, -21754182L, 64206590L, 1705954109L, 
-1251601230L, 307859638L, -615040771L, -259905637L, 960343086L, 
-513308081L, -424952887L, -1677047134L, -939559688L, 50064831L, 
1120912027L, -140716074L, 1367829286L, 552383123L, 1848289326L, 
1593769616L, -1319949786L, 1969500389L, -1704805231L, -174587403L, 
-478032972L, -2038517743L, 1848227281L, -51263086L, -1368078977L, 
-1140628173L, 776826240L, -105313642L, 519834851L, -1445025048L, 
1417141645L, 684603757L, 2054094778L, 1972658436L, 921606786L, 
1170030515L, 457520587L, -1391551498L, -943316640L, 489998030L, 
564002534L, 1121415941L, 138468367L, -1207636453L, -256119800L, 
-1854680922L, -1895426829L, -445459018L, -184305018L, -896884933L, 
1956864399L, -890601518L, 2088120772L, 1402333397L, -439706186L, 
-389192020L, 443532523L, 1914567345L, -836359558L, 1404430738L, 
-1724645759L, 1867893022L, 339153319L, 635924911L, 1542540363L, 
-984488002L, -1342244320L, 264076357L, 1340012372L, 2080009926L, 
63915108L, -17655977L, 285427950L, -815321582L, 58686925L, 1668282830L, 
-1962917197L, 918371084L, 846138829L, -582195660L, -1722381917L, 
-2012359917L, 1472048945L, 1886278951L, -185423598L, -1095333735L, 
-403982829L, -1474047104L, 351908405L, 677531027L, 1452252517L, 
801070752L, -904516082L, 1984627970L, -881469450L, -24306792L, 
-1440478791L, -1639354603L, -192468681L, -1187126122L, 144868197L, 
2050600882L, 2004105270L, 803036601L, 376163500L, -1055490592L, 
-79464066L, 591067514L, -687244371L, 46896506L, -128623215L, 
547175329L, -1772880829L, 1859024163L, 321320916L, 1114764144L, 
-1622961695L, 342380085L, -610979770L, 1509041881L, -460783118L, 
264253075L, -1390162071L, 1457231468L, 1068947802L, 1654533171L, 
-436721589L, -453337431L, -904613185L, -363496245L, -1295559576L, 
557056220L, -667856472L, -488676938L, -2066980664L, 280740029L, 
1489752493L, -1434799679L, 144662680L, 335500209L, -296570240L, 
794230836L, -373642146L, 1540243869L, -1112779267L, -1382980184L, 
1700029982L, -1360343385L, 702379222L, 1907343399L, -738271269L, 
-1788333750L, -1930932160L, 9964494L, -979839817L, -217644617L, 
-207358158L, -66774723L, -371443311L, -552543899L, 1221544583L, 
-1763045005L, -1968431348L, -635655206L, 1216602930L, -967514178L, 
-711165993L, -338495636L, 1513365344L, 278940983L, 641464973L, 
-1630179813L, 1142294694L, 1056766128L, 988089057L, 1132596392L, 
477677928L, 1237674245L, 1940867888L, -276254653L, 1330754082L, 
-431284273L, 480490478L, 1532429898L, 1083130269L, 932152789L, 
-1142215263L, 708196343L, -1123544070L, 397394543L, 392748555L, 
-1264177265L, 865527260L, -1585028783L, 1026879586L, -774477976L, 
-1559552934L, -675492546L, 904700759L, 1916907058L, -1865449741L, 
967040540L, -933742739L, 1640587352L, 57200886L, -237641527L, 
-508436043L, 141021918L, -338090012L, -1800374001L, 1796874391L, 
-1997130486L, -419578879L, 1556986743L, 1598746007L, 1750049134L, 
-1947156848L, -706904572L, 708801215L, -1293663475L, -1643287708L, 
-541115219L, 1947128414L, -1084187656L, 760472356L, 67386739L, 
1027997949L, 666606257L, 2007708511L, 1293753537L, 1718057698L, 
-113561450L, -1109175801L, 69514668L, 1063790055L, 821906589L, 
-1522087451L, -449093653L, 2014529153L, 1406724525L, -433430503L, 
-482091890L, 638978465L, 1259121853L, 585967007L, -320786760L, 
-919702788L, 1628796321L, -2082027468L, -1056896783L, -908756494L, 
507109264L, -1619658852L, -417603300L, -2019223444L, 1394170607L, 
-6449996L, -823821836L, 1672378422L, 1843498348L, 759803002L, 
26725043L, 9816568L, 488254569L, 1938050947L, -1342775175L, -757123219L, 
2129533569L, 985643909L, -934271977L, -1605179350L, -2140341390L, 
-1881012335L, 956779310L, 493755428L, -1147442288L, -1788003390L, 
-1178483673L, 1938618689L, 801034804L, -1536617707L, 1652297255L, 
-465673750L, 1602375872L, 771966940L, 1744170257L, -100820871L, 
-791553644L, 1288384050L, -772030718L, -1151479134L, -593661947L, 
72605825L, -742981662L, 1484843613L, -1593298195L, 894883016L, 
83138680L, -977895682L, 1965410250L, -1665138971L, 679713630L, 
1712599279L, -1513065933L, 1787796843L, 517271165L, 737129023L, 
1679250186L, 745445230L, 316874419L, -1888272813L, -1154297418L, 
966475671L, -191409136L, 1673597839L, -1469385641L, 866894728L, 
1473888226L, 990287560L, -1897158539L, 915059352L, -1838056026L, 
2064287677L, 705207378L, -1740752834L, 933572076L, 1803741667L, 
1547399426L, 1305654096L, -1194934486L, 84666181L, 1185573498L, 
-1037238209L, -917123889L, 1903031985L, 460829834L, 524662062L, 
-815895030L, 1213182115L, -2118791168L, 643071415L, 356031848L, 
-1882899510L, -2067442117L, 1518990860L, 549904067L, 150794625L, 
-70307869L, -1905567549L, 886093042L, -1517614848L, 1973196769L, 
-2131669562L, 1107505863L, -296802261L, 73591312L, -474805562L, 
-720439713L, -1794576165L, -350943329L, 2132789741L, -936534210L, 
-1645083288L, 514785189L, 1781098161L, 107510717L, 2092896887L, 
-1409664311L, -222680544L, -918840730L, -683413779L, 2004847614L, 
-889997244L, -1824393467L, -349257980L, -1546729248L, 1098424186L, 
-294605589L, -1910911727L, 2146039847L, 1784162503L, 1361549126L, 
-1651889234L, -400551869L, 2020698845L, -1392286731L, 1293804574L, 
-2012345463L, 161713005L, -771593728L, 1262542172L, -1762333935L, 
731000509L, 223720142L, -1374121L, 750760867L, 1282160470L, -803073818L, 
960683690L, 1499551968L, -1572320021L, 1208014805L, -1337648324L, 
701416065L, 1003202768L, -874085827L, -1884964271L, -1710019087L, 
1526796877L, -828613913L, -1258337491L, -644239790L, -1084940751L, 
-1918105544L, 766968710L, 351837813L, -925450511L, 1311954741L, 
1643778674L, 1773592074L, 25019254L, -1644197200L, -560749246L, 
-1709015513L, -1463819519L, 1222414794L, 969221309L, -912532050L, 
-685340596L, -1095565338L, -4526045L, 1830919461L, -978982332L, 
-1495231889L, -1495866072L, -1869421758L, 1731250713L, -959299927L, 
414029846L, 1185567005L, -47179721L, -1997707766L, -852391809L, 
-1088553943L, -1416019416L, 1928605739L, -977360659L, -663371625L, 
1952074034L, -168016498L, 1415149848L, 591029556L, -1422598746L, 
321286781L, 1982562582L, -1153481254L, -24510292L, 46793922L, 
833907672L, 190764515L, -928440582L, 278740193L, -676065684L, 
-1376978045L, -1977346128L, 778773741L, -734876332L, 719287647L, 
1895045146L, -1724183427L, -1392359145L, 547657488L, -164944138L, 
228090242L, -1662238279L, -2004830671L, 1441404924L, 857422095L, 
1722706398L, 1592779189L, 783181780L, -2049442186L, 880090820L, 
546821711L, 1536681154L, 1102513418L, -2024672097L, -1677965374L, 
-291684390L, -1712109932L, 116198048L, 1411113394L, -426464610L, 
200821517L, -472755062L, -2131156287L, 778906056L, 593338293L, 
-609942923L, 1031163787L, 155554923L, 933095262L, 2009206971L, 
1212372364L, 1966015505L, 1265384262L, 507385076L, 1707153373L, 
-162664946L, -762049565L, 1338562165L, -689788235L, -1227556692L, 
283054746L, -2050096202L, -249802735L, 2074825107L, -19959697L, 
-792870606L, 1646832750L, -1547872052L, -857540132L, -678599173L, 
-276293997L, 157913297L, 1607920754L, -1603248448L, 1400066619L, 
